t = [
[ 0 0 0 0 0 0 0 0 0 0 0 0 0 0 1 ];
[ 0 2 2 0 2 0 0 2 2 0 0 0 0 0 2 ];
[ 0 0 0 0 0 0 0 0 0 0 0 0 0 0 0 ];
[ 2 0 0 0 0 0 0 1 0 0 2 2 1 0 0 ];
[ 0 0 0 0 0 0 0 0 2 0 0 0 2 0 0 ];
[ 0 0 0 0 0 0 0 0 0 0 0 0 0 0 0 ];
[ 0 0 0 0 0 0 2 0 2 0 0 0 0 0 0 ];
[ 0 0 0 0 0 0 0 0 0 0 0 0 0 0 0 ];
[ 0 0 0 2 0 0 0 0 0 2 0 0 0 0 0 ];
[ 0 0 0 0 0 0 0 0 0 0 0 2 0 0 0 ];
[ 0 0 0 0 0 0 0 0 0 0 0 0 0 0 0 ];
[ 0 0 0 0 0 0 0 0 0 0 0 0 0 0 0 ];
[ 0 0 0 0 0 0 0 0 0 0 0 0 0 0 0 ];
[ 0 0 0 0 0 0 0 0 0 0 0 0 0 0 0 ];
[ 0 0 0 0 0 0 0 1 0 0 0 0 0 0 0 ]
]
solveTime = 3.4925341606140137
isOptimal = true
