t = [
[ 0 0 0 0 0 0 0 0 0 0 0 0 0 0 0 ];
[ 0 0 0 0 0 0 0 0 2 0 0 0 0 0 0 ];
[ 0 0 0 0 0 0 0 0 0 2 0 0 0 0 0 ];
[ 0 0 0 0 0 0 0 0 2 0 2 0 0 0 0 ];
[ 0 0 0 0 0 0 0 0 0 0 0 0 0 0 0 ];
[ 0 0 0 0 0 0 0 0 0 0 0 2 0 0 0 ];
[ 0 0 0 0 2 0 0 0 0 0 0 0 0 0 0 ];
[ 0 2 0 0 0 2 0 0 0 0 0 1 2 0 0 ];
[ 0 2 0 0 0 0 0 0 0 0 0 0 0 0 0 ];
[ 0 0 0 0 0 0 0 0 0 0 0 0 0 0 0 ];
[ 0 0 2 0 0 0 0 0 0 0 0 0 0 0 0 ];
[ 0 0 0 0 0 0 0 0 0 0 0 0 0 0 2 ];
[ 0 2 0 0 0 0 2 0 0 0 0 0 0 0 0 ];
[ 0 0 0 0 0 0 2 0 2 2 0 0 0 0 2 ];
[ 0 0 0 0 0 0 0 0 0 0 0 0 0 0 0 ]
]
solveTime = 1.8166348934173584
isOptimal = true
