t = [
[ 0 2 0 0 0 0 0 0 0 0 0 0 0 0 0 ];
[ 0 0 0 0 2 2 0 0 0 0 0 0 0 0 0 ];
[ 0 0 0 0 2 2 0 0 0 0 2 0 0 2 0 ];
[ 2 0 2 0 0 0 0 0 0 0 0 0 0 2 0 ];
[ 0 0 0 0 0 0 0 0 0 0 0 0 0 0 0 ];
[ 0 0 0 0 0 0 0 0 0 0 0 0 0 0 0 ];
[ 0 0 0 2 0 0 0 0 0 0 0 0 0 0 0 ];
[ 0 0 2 0 0 0 0 0 0 0 0 0 0 0 0 ];
[ 0 0 0 0 0 0 0 0 0 0 0 0 0 0 0 ];
[ 0 0 0 0 0 2 0 0 0 0 0 0 0 0 0 ];
[ 0 0 0 0 0 2 0 0 0 0 0 0 2 0 0 ];
[ 0 0 0 0 0 0 0 0 0 0 0 0 0 0 0 ];
[ 0 0 0 0 0 0 0 0 0 0 0 0 0 0 0 ];
[ 0 0 2 0 0 0 0 0 0 0 0 0 0 0 0 ];
[ 0 2 2 0 0 0 0 0 0 0 0 0 0 2 0 ]
]
solveTime = 2.568596124649048
isOptimal = true
