t = [
[ 0 0 0 0 1 2 0 0 0 0 0 2 0 0 0 ];
[ 0 0 0 2 0 0 0 0 0 0 0 0 0 2 0 ];
[ 0 0 2 0 0 0 0 0 0 2 0 0 2 0 0 ];
[ 0 0 0 0 0 0 0 0 0 0 0 0 0 0 0 ];
[ 0 0 0 0 0 2 0 0 0 0 0 0 0 0 0 ];
[ 2 0 0 0 0 0 0 0 0 0 2 1 0 0 0 ];
[ 0 0 0 0 0 0 0 0 0 0 0 2 0 0 0 ];
[ 0 0 2 0 0 0 0 0 0 0 0 0 0 0 1 ];
[ 0 2 0 0 0 0 0 2 0 0 0 0 2 2 0 ];
[ 0 0 0 0 0 0 0 2 1 0 0 0 0 0 2 ];
[ 0 0 0 0 0 0 0 0 0 0 0 0 0 0 0 ];
[ 0 0 0 0 0 0 0 2 0 2 0 0 0 2 0 ];
[ 0 0 0 0 0 0 0 0 0 0 0 0 0 0 2 ];
[ 0 0 0 0 2 0 0 2 0 0 0 0 0 0 2 ];
[ 0 0 0 0 0 0 0 0 0 0 0 0 0 0 0 ]
]
solveTime = 30.17357110977173
isOptimal = true
